00001639/00_18.jpg 1639 18 395 849 1085 1261 526 985 513 961 657 1135 552 937 688 962 789 963 666 1088 805 1025 942 1012 514 1038 648 1050 748 1020 648 1181 832 1163 1005 1145 506 944 507 929 491 965 475 981
00003117/00_12.jpg 3117 12 230 1114 1056 1472 407 1239 330 1328 654 1230 379 1215 354 1284 367 1351 628 1224 775 1212 898 1194 434 1247 483 1378 408 1392 682 1237 836 1222 976 1204 310 1315 313 1261 319 1322 334 1274
00002000/00_22.jpg 2000 21 237 994 1144 1425 419 1160 336 1231 686 1147 404 1106 400 1074 322 1159 669 1121 844 1104 997 1084 433 1201 483 1319 360 1345 704 1175 888 1162 1064 1143 317 1215 323 1161 321 1233 331 1205
00002567/00_18.jpg 2567 18 235 808 1068 1387 422 1083 331 1104 668 1078 416 1004 419 888 330 960 658 1030 819 1020 960 1014 431 1162 461 1307 353 1264 678 1127 836 1129 988 1123 315 1089 329 1055 318 1118 333 1130
00003476/00_08.jpg 3476 8 349 369 1450 759 548 631 453 533 880 621 552 585 631 449 505 494 901 596 1143 645 1370 679 537 675 569 612 489 522 860 644 1077 652 1294 655 433 546 441 609 429 544 433 606
00002306/00_13.jpg 2306 13 416 520 1006 1189 565 853 580 880 743 884 519 938 512 1109 512 1082 725 938 820 958 887 963 590 752 697 600 666 662 762 829 853 839 926 853 548 891 496 896 562 853 529 801
00001560/00_05.jpg 1560 5 609 861 1378 1310 746 1123 746 1230 823 983 739 1189 909 1165 1061 1164 814 1023 1023 1056 1216 1033 756 1052 938 1031 1103 1032 832 941 1064 981 1298 999 717 1229 689 1188 736 1214 727 1155
00001861/00_12.jpg 1861 12 278 1078 1065 1470 484 1238 378 1315 689 1229 463 1158 562 1163 465 1165 656 1190 619 1270 788 1241 504 1321 656 1377 727 1390 722 1269 854 1280 985 1198 358 1298 366 1241 367 1318 387 1290
00002850/00_03.jpg 2850 3 283 791 1127 1250 447 986 379 1026 691 983 442 920 494 871 407 927 683 945 856 933 1011 922 447 1046 505 1170 409 1150 700 1023 878 1024 1047 1016 363 1011 364 972 363 1034 363 1029
00003914/00_30.jpg 3914 29 332 713 1134 1199 501 948 427 933 734 965 506 876 609 793 686 866 738 922 906 923 1054 932 492 1017 575 1119 668 1058 731 1009 893 1029 1040 1042 414 920 423 906 412 947 419 974
00001106/00_14.jpg 1106 14 376 598 1412 962 574 827 477 758 866 811 561 777 726 750 864 678 867 778 1103 742 1332 744 580 867 733 882 861 848 865 842 1084 836 1299 825 456 759 459 788 461 777 470 832
00003051/00_12.jpg 3051 12 224 1114 1056 1454 413 1222 324 1322 655 1227 384 1208 436 1252 349 1306 630 1222 776 1210 899 1194 439 1231 567 1309 442 1374 682 1232 843 1220 976 1204 304 1308 310 1254 313 1314 333 1266
00000552/00_14.jpg 552 14 373 594 1415 942 575 820 474 761 869 801 565 766 729 729 867 674 870 765 1107 750 1335 748 582 862 734 848 857 804 868 835 1086 825 1301 816 453 763 457 789 459 783 472 837
00001038/00_12.jpg 1038 12 184 1100 1060 1433 405 1225 329 1316 658 1211 381 1209 336 1197 264 1187 634 1206 781 1193 910 1180 428 1246 491 1282 511 1353 684 1218 849 1204 980 1189 308 1303 311 1248 317 1311 333 1264
00001902/00_14.jpg 1902 14 366 498 1433 915 568 763 467 705 864 742 546 707 680 611 553 578 870 699 1101 673 1353 670 583 816 740 835 870 818 860 782 1052 770 1264 806 446 704 449 727 452 727 464 782
00001244/00_05.jpg 1244 5 405 903 1331 1222 596 1052 504 1142 860 1039 580 1069 715 1061 829 1102 850 1065 1032 1129 1206 1053 612 1033 769 983 917 1026 871 1012 1076 1041 1251 1027 485 1133 489 1087 485 1130 489 1073
00003749/00_14.jpg 3749 14 381 608 1415 1032 558 799 485 736 863 780 545 745 651 688 778 710 864 745 1106 723 1335 715 564 844 665 952 775 875 862 813 1081 811 1292 809 463 736 461 762 470 755 477 810
00001321/00_17.jpg 1321 17 478 597 1114 1168 629 837 621 820 798 883 607 920 693 948 757 998 784 931 944 1042 1034 1088 648 750 749 706 878 677 811 836 922 874 999 922 600 839 571 879 594 803 558 793
00003151/00_07.jpg 3151 7 349 939 1045 1338 530 1105 448 1177 710 1085 495 1045 507 1034 449 1128 682 1059 787 1036 886 1019 564 1163 585 1258 476 1201 739 1113 859 1085 965 1061 429 1164 432 1111 446 1181 474 1152
00001727/00_23.jpg 1727 22 163 599 1082 1060 352 821 261 782 610 830 354 734 488 679 523 719 626 785 812 790 1002 815 347 906 470 975 600 980 596 872 699 836 892 873 244 771 253 770 243 800 248 844
00001478/00_19.jpg 1478 19 371 534 852 930 506 685 471 625 589 823 542 631 631 679 693 699 616 796 683 754 772 781 477 734 579 761 650 766 563 850 641 806 738 815 465 614 480 623 457 633 451 670
00002436/00_19.jpg 2436 19 158 432 855 895 399 689 312 619 564 727 446 644 533 527 407 512 591 694 694 716 775 741 358 750 296 815 238 734 537 759 628 786 713 808 311 613 347 634 295 635 304 686
00003438/00_23.jpg 3438 22 166 647 1080 1067 346 806 266 773 615 839 348 727 386 784 291 861 620 789 816 797 1000 811 341 885 357 987 284 907 610 889 793 912 969 922 250 760 259 757 246 788 248 831
00003898/00_16.jpg 3898 16 270 666 1075 1064 449 839 367 773 682 853 470 787 603 746 661 782 700 822 860 827 995 840 425 881 490 984 590 925 664 882 809 898 938 911 356 769 372 788 350 789 356 839
00001137/00_30.jpg 1137 29 328 786 1133 1163 513 964 423 949 740 973 515 889 642 881 742 866 741 927 896 929 1053 951 508 1037 634 1065 722 1083 738 1019 893 1037 1040 1041 410 937 423 925 408 964 416 993
00003668/00_00.jpg 3668 0 271 826 1412 1246 491 1029 376 1025 852 1039 481 1143 643 1166 635 972 851 1113 1107 1129 1332 1138 490 921 667 906 648 1061 853 966 1102 963 1328 967 351 1046 361 1078 354 1002 366 972
00002615/00_03.jpg 2615 3 282 758 1127 1265 445 991 378 1029 691 985 440 925 464 838 390 904 683 946 855 933 1012 922 445 1053 475 1185 391 1143 699 1026 876 1026 1047 1016 362 1014 364 976 363 1039 364 1037
00000922/00_05.jpg 922 5 397 899 1366 1267 576 1100 495 1187 857 1054 571 1118 669 1086 789 1100 843 1067 1040 1063 1225 1048 575 1081 680 979 822 1024 873 1040 1090 1026 1286 1014 477 1178 484 1132 478 1172 485 1115
00000952/00_10.jpg 952 10 218 641 1062 1022 542 856 481 774 734 883 592 843 664 786 719 721 766 870 884 894 982 917 493 877 393 904 298 907 704 895 810 925 912 942 476 776 498 817 459 786 454 840
00003969/00_00.jpg 3969 0 272 729 1412 1361 482 1030 380 1026 848 1039 477 1143 605 1281 752 1186 848 1109 1107 1130 1332 1138 483 921 599 809 747 892 848 970 1104 964 1329 968 352 1048 358 1081 355 1002 363 972
00001229/00_09.jpg 1229 9 440 883 1300 1323 605 1093 541 1106 828 1071 597 1017 724 989 838 963 816 1022 844 1060 968 1017 611 1169 740 1199 837 1243 840 1121 1022 1099 1220 1052 525 1093 520 1069 525 1120 521 1137
00003763/00_14.jpg 3763 14 381 608 1415 1030 558 798 486 733 863 780 546 744 653 688 780 710 865 743 1106 724 1335 715 564 843 665 950 776 874 862 814 1081 812 1292 809 465 733 461 760 471 753 476 808
00003882/00_24.jpg 3882 23 294 712 1349 1240 489 1012 395 1070 805 991 496 1092 612 1160 724 1103 803 1044 1036 1037 1247 1021 477 934 577 792 713 870 806 935 1045 905 1269 881 377 1081 393 1074 374 1049 382 995
00002688/00_25.jpg 2688 24 344 595 1396 1043 537 821 444 748 845 816 532 880 563 963 445 870 851 852 1094 859 1316 871 540 778 579 682 483 675 840 782 1047 780 1265 784 424 767 432 826 429 747 440 777
00001458/00_03.jpg 1458 3 469 825 1132 1180 591 1040 579 1086 697 943 584 978 715 963 824 971 690 905 858 934 1032 927 608 1100 751 1080 865 1059 705 982 883 1004 1052 984 560 1074 549 1042 565 1097 558 1099
00002134/00_25.jpg 2134 24 343 580 1396 1050 537 826 443 758 846 817 529 892 542 970 425 864 853 851 1094 860 1316 871 541 780 568 679 466 660 840 785 1049 780 1265 785 423 777 433 837 427 757 440 786
00000964/00_03.jpg 964 3 200 768 1136 1258 433 988 373 1029 687 987 432 931 386 848 281 882 681 947 850 936 1023 926 429 1045 386 1178 280 1158 693 1027 876 1021 1056 1010 357 1014 361 974 358 1038 360 1033
00002842/00_29.jpg 2842 28 515 505 1489 1061 703 797 627 750 1001 774 713 886 833 981 711 921 1016 825 1230 820 1409 815 683 725 732 585 640 593 986 724 1171 708 1357 699 607 773 608 826 602 742 595 751
00002746/00_03.jpg 2746 3 282 826 1127 1255 445 983 376 1012 690 983 442 918 460 906 391 985 683 945 855 933 1011 922 444 1036 465 1175 394 1094 698 1022 869 1023 1047 1015 362 1002 364 963 362 1023 363 1020
00001762/00_10.jpg 1762 10 392 671 1070 1060 572 857 494 775 744 881 622 817 741 830 712 751 780 869 888 874 990 936 525 895 605 976 672 980 708 893 734 806 861 886 492 778 521 817 472 789 472 844
00001803/00_23.jpg 1803 22 168 590 1082 992 357 800 267 757 608 827 357 719 507 707 634 670 617 776 817 769 1002 802 354 880 497 907 612 912 599 876 740 861 927 903 249 747 255 751 248 775 252 820
00003373/00_00.jpg 3373 0 266 674 1411 1250 481 1065 370 1075 851 1051 481 1170 602 1126 459 1007 858 1118 1109 1133 1331 1138 475 970 527 799 421 754 844 985 1086 971 1329 969 350 1095 366 1121 346 1053 354 1020
00003360/00_26.jpg 3360 25 350 915 1568 1351 559 1071 453 1148 904 1095 578 1101 661 1250 521 1271 907 1128 1180 1123 1450 1104 530 1032 587 1160 487 1232 900 1060 1187 1027 1488 995 440 1148 463 1114 430 1126 437 1062
00003427/00_16.jpg 3427 16 280 662 1073 1032 464 817 379 766 680 841 472 742 466 759 375 827 691 798 851 817 993 839 455 891 432 952 365 870 669 884 807 903 937 910 371 758 393 772 360 780 368 831
00002266/00_14.jpg 2266 14 375 550 1413 983 561 801 477 738 866 779 549 763 560 630 455 630 868 743 1107 721 1333 715 568 859 604 903 506 833 864 814 1071 812 1293 808 457 739 458 768 463 758 469 814
00000749/00_08.jpg 749 8 357 460 1433 780 562 656 460 553 873 642 564 681 751 665 899 584 885 658 1132 669 1353 700 557 628 720 606 858 540 861 627 1089 634 1295 669 437 567 438 634 439 560 442 614
00002707/00_26.jpg 2707 25 336 871 1567 1341 558 1105 453 1194 903 1097 579 1149 648 1250 516 1261 907 1133 1181 1125 1448 1104 531 1034 529 951 416 1081 898 1058 1173 1023 1487 994 440 1192 460 1154 428 1176 433 1107
00001197/00_13.jpg 1197 13 441 599 1074 1119 567 926 599 944 708 888 589 1032 696 1036 812 1039 727 945 832 942 886 932 545 824 600 783 736 713 688 830 865 707 994 679 571 962 521 979 576 920 529 876
00000823/00_28.jpg 823 27 500 766 1126 1232 690 1018 688 1071 795 1040 623 1071 580 1152 687 1131 768 1078 895 1063 990 1024 755 958 809 846 812 950 823 1000 956 995 1046 965 656 1072 621 1045 682 1049 679 987
00001795/00_08.jpg 1795 8 332 409 1388 775 537 603 435 489 844 624 535 639 710 693 892 695 860 619 1087 493 1244 678 536 568 698 589 843 528 829 628 1073 611 1308 671 412 504 416 573 413 498 417 555
00002295/00_12.jpg 2295 12 207 1113 1056 1447 408 1236 327 1318 652 1226 380 1211 360 1220 287 1288 627 1220 774 1209 899 1193 437 1240 521 1303 391 1367 679 1232 835 1219 976 1204 307 1307 309 1253 317 1314 329 1268
00000920/00_30.jpg 920 29 329 731 1139 1213 498 957 422 946 737 981 503 883 610 811 691 884 739 935 900 941 1059 951 489 1029 563 1133 665 1079 735 1026 901 1043 1049 1047 409 933 420 918 409 961 419 986
00001115/00_03.jpg 1115 3 277 819 1129 1158 452 981 373 1022 692 975 448 917 575 899 672 907 685 937 860 931 1022 925 455 1050 592 1053 704 1078 700 1014 881 1032 1049 1012 357 1006 360 966 357 1030 360 1026
00001336/00_06.jpg 1336 6 399 609 966 940 571 780 538 689 721 787 627 833 727 860 841 853 756 803 838 808 886 834 517 728 587 737 668 705 687 771 785 772 862 809 533 705 539 767 508 693 479 737
00001086/00_18.jpg 1086 18 235 845 1080 1344 438 1095 330 1113 679 1087 429 1016 551 968 626 925 670 1041 831 1028 974 1024 439 1178 581 1217 677 1264 688 1135 856 1133 1000 1122 315 1097 331 1064 316 1127 333 1141
00002948/00_18.jpg 2948 18 241 863 1069 1370 428 1083 335 1106 668 1080 420 999 387 943 325 1050 660 1032 820 1021 960 1014 435 1163 409 1290 338 1191 677 1129 838 1130 989 1123 321 1087 335 1053 324 1116 341 1126
00001104/00_24.jpg 1104 23 289 776 1341 1209 500 987 391 1046 800 966 506 1067 664 1081 800 1129 798 1017 1030 1013 1241 992 489 905 657 865 813 856 803 913 1040 885 1261 870 374 1055 391 1047 369 1025 377 971
00003712/00_18.jpg 3712 18 237 853 1069 1346 429 1090 333 1113 670 1082 418 1010 490 933 540 1027 662 1034 820 1022 961 1013 437 1168 540 1266 561 1194 678 1132 843 1131 989 1124 317 1097 332 1063 321 1127 340 1138
