NumCams 1
NumFrames 31
NumP 31
0 0
1633.21 0.0 943.227
0.0 1628.82 557.415
0.0 0.0 1.0
0 1
1396.98 0.0 952.677
0.0 1393.27 560.804
0.0 0.0 1.0
0 2
1397.97 0.0 940.785
0.0 1395.03 555.053
0.0 0.0 1.0
0 3
1395.65 0.0 949.952
0.0 1392.16 565.657
0.0 0.0 1.0
0 4
1633.74 0.0 947.83
0.0 1629.85 570.029
0.0 0.0 1.0
0 5
1395.62 0.0 934.401
0.0 1391.98 559.894
0.0 0.0 1.0
0 6
1395.83 0.0 950.807
0.0 1392.13 548.249
0.0 0.0 1.0
0 7
1396.16 0.0 948.831
0.0 1393.0 547.831
0.0 0.0 1.0
0 8
1642.91 0.0 945.756
0.0 1638.73 561.901
0.0 0.0 1.0
0 9
1396.93 0.0 946.547
0.0 1393.4 540.988
0.0 0.0 1.0
0 10
1394.7 0.0 946.719
0.0 1391.18 562.868
0.0 0.0 1.0
0 11
1493.82 0.0 934.883
0.0 1490.18 547.195
0.0 0.0 1.0
0 12
1395.22 0.0 966.901
0.0 1391.78 562.705
0.0 0.0 1.0
0 13
1590.88 0.0 940.101
0.0 1587.13 561.402
0.0 0.0 1.0
0 14
1648.94 0.0 935.562
0.0 1644.25 565.238
0.0 0.0 1.0
0 15
1429.11 0.0 948.958
0.0 1425.72 561.128
0.0 0.0 1.0
0 16
1427.74 0.0 949.536
0.0 1423.8 546.399
0.0 0.0 1.0
0 17
1392.84 0.0 915.859
0.0 1389.77 563.308
0.0 0.0 1.0
0 18
1541.82 0.0 945.797
0.0 1537.82 554.221
0.0 0.0 1.0
0 19
1396.83 0.0 949.214
0.0 1393.2 555.578
0.0 0.0 1.0
0 20
1404.07 0.0 940.829
0.0 1400.33 552.931
0.0 0.0 1.0
0 21
1397.03 0.0 933.75
0.0 1393.45 562.785
0.0 0.0 1.0
0 22
1514.13 0.0 947.243
0.0 1510.43 560.129
0.0 0.0 1.0
0 23
1572.65 0.0 941.069
0.0 1567.8 560.436
0.0 0.0 1.0
0 24
1398.9 0.0 955.56
0.0 1395.43 545.501
0.0 0.0 1.0
0 25
1399.19 0.0 935.415
0.0 1396.03 558.167
0.0 0.0 1.0
0 26
1616.87 0.0 951.519
0.0 1612.78 552.619
0.0 0.0 1.0
0 27
1861.83 0.0 936.251
0.0 1857.26 552.322
0.0 0.0 1.0
0 28
1396.1 0.0 953.958
0.0 1392.62 560.184
0.0 0.0 1.0
0 29
1400.18 0.0 940.596
0.0 1396.95 572.848
0.0 0.0 1.0
0 30
1407.97 0.0 947.644
0.0 1404.36 562.048
0.0 0.0 1.0
