00000640/00_00.jpg 640 0 293 508 1369 1406 496 990 397 1022 850 1003 491 1073 510 1217 419 1326 838 1054 1056 1065 1267 1074 499 896 521 730 433 588 862 950 1076 951 1289 957 373 1036 383 1043 373 997 390 949
00000640/00_01.jpg 640 1 259 637 981 1291 487 991 390 953 671 990 513 933 575 821 538 717 691 959 800 959 901 962 462 1052 437 1152 339 1211 653 1019 771 1027 873 1030 384 944 418 946 376 970 399 1011
00000640/00_02.jpg 640 2 166 731 905 1184 470 916 389 988 632 942 422 880 356 832 246 811 604 917 687 921 761 920 524 949 636 1003 666 1104 662 968 751 952 825 946 369 973 373 918 390 986 430 950
00000640/00_03.jpg 640 3 292 631 1154 1371 461 980 388 997 724 975 458 909 475 786 403 711 721 929 890 917 1060 904 462 1054 478 1180 411 1291 726 1021 901 1008 1074 996 372 982 376 951 372 1010 381 1023
00000640/00_04.jpg 640 4 238 599 944 1466 452 1017 328 1029 642 1008 452 933 462 785 379 679 645 960 753 950 851 941 457 1105 480 1251 398 1386 638 1056 762 1041 864 1028 318 1012 357 979 320 1047 367 1069
00000640/00_05.jpg 640 5 412 875 1366 1181 589 991 510 1073 880 999 585 974 599 955 532 965 867 982 1048 973 1229 960 592 1004 614 1021 530 1101 895 1017 1090 985 1286 966 493 1062 499 1012 492 1068 502 1023
00000640/00_06.jpg 640 6 248 517 942 1134 512 829 497 763 682 825 549 886 639 987 663 1054 701 861 789 868 862 877 470 776 411 700 328 597 663 790 740 814 811 828 489 780 483 835 470 758 442 781
00000640/00_07.jpg 640 7 323 772 1070 1437 568 1050 475 1109 757 1037 538 991 501 897 403 852 739 1000 843 984 939 966 603 1112 680 1216 659 1357 776 1076 892 1044 990 1022 458 1094 472 1045 471 1118 509 1104
00000640/00_08.jpg 640 8 364 410 1399 1024 554 712 465 629 882 708 556 771 589 882 494 944 887 752 1104 767 1319 788 550 659 558 588 485 490 876 666 1075 701 1276 723 444 647 451 711 444 626 456 660
00000640/00_09.jpg 640 9 437 743 1334 1448 599 1100 535 1090 867 1081 592 1033 601 907 525 823 864 1038 1050 1018 1248 998 604 1171 625 1288 572 1368 870 1123 1056 1113 1254 1100 518 1079 517 1067 520 1106 527 1136
00000640/00_10.jpg 640 10 274 780 1054 1069 550 942 499 860 741 945 594 961 701 989 718 982 769 960 877 972 974 986 506 930 448 919 354 868 714 930 816 960 910 978 493 869 507 919 475 865 465 910
00000640/00_11.jpg 640 11 284 411 1095 1178 456 794 405 734 724 809 465 868 510 1006 455 1098 728 857 880 877 1015 897 442 722 432 616 364 491 720 763 855 796 983 820 385 752 379 807 379 722 370 733
00000640/00_12.jpg 640 12 229 961 1068 1485 440 1161 352 1237 687 1166 417 1119 398 1060 309 1041 667 1136 804 1127 930 1115 467 1204 533 1276 494 1405 708 1197 855 1168 988 1151 332 1221 339 1167 340 1238 366 1206
00000640/00_13.jpg 640 13 213 380 963 1116 522 775 517 824 709 826 467 837 397 948 293 1036 672 856 758 878 829 893 577 702 678 572 751 460 748 796 817 807 883 824 486 829 443 815 509 797 501 738
00000640/00_14.jpg 640 14 395 740 1431 1012 583 898 495 820 893 863 577 893 592 870 483 828 899 866 1119 854 1351 847 587 909 606 932 547 912 888 861 1094 875 1309 875 475 827 481 872 479 834 496 887
00000640/00_15.jpg 640 15 356 879 1339 1442 539 1098 464 1165 833 1113 543 1051 571 983 512 959 827 1076 1019 1070 1217 1059 531 1147 533 1234 436 1362 840 1152 1045 1128 1259 1114 448 1149 455 1097 443 1167 449 1141
00000640/00_16.jpg 640 16 252 749 1087 1054 468 927 392 852 703 921 494 916 569 884 532 829 724 920 870 925 1007 935 442 943 415 974 332 959 682 923 822 947 952 959 381 855 397 893 371 864 378 914
00000640/00_17.jpg 640 17 448 438 1034 1263 582 863 578 842 781 891 575 940 585 1081 538 1183 772 935 871 955 954 972 584 782 592 655 570 518 790 846 871 871 950 893 557 857 528 890 557 822 532 806
00000640/00_18.jpg 640 18 269 709 1107 1505 466 1106 365 1100 719 1096 470 1029 496 890 417 789 724 1050 878 1039 1026 1030 463 1187 473 1321 388 1425 714 1140 877 1132 1027 1122 350 1086 371 1067 349 1118 373 1148
00000640/00_19.jpg 640 19 106 559 870 929 417 774 347 693 582 792 469 755 583 712 606 639 614 786 708 803 790 821 366 799 298 843 186 834 551 797 647 829 730 849 345 693 375 728 325 705 327 758
00000640/00_20.jpg 640 20 395 931 1306 1286 580 1109 502 1191 867 1124 562 1127 556 1164 475 1206 844 1129 1010 1129 1167 1124 598 1081 648 1018 598 1011 891 1118 1062 1095 1226 1085 479 1187 481 1146 484 1177 498 1117
00000640/00_21.jpg 640 21 282 561 1090 1227 472 921 421 984 734 913 452 974 441 1064 362 1147 712 942 850 935 972 925 492 855 539 730 512 641 757 883 888 863 1010 853 396 991 382 975 402 965 402 908
00000640/00_22.jpg 640 22 261 812 1169 1547 450 1116 360 1172 729 1107 438 1049 439 942 354 892 717 1062 884 1044 1044 1023 462 1188 502 1313 434 1467 742 1153 921 1121 1089 1097 341 1155 349 1105 344 1182 363 1172
00000640/00_23.jpg 640 23 177 621 1108 1121 357 918 276 850 644 915 361 880 395 796 309 701 653 897 841 901 1028 909 351 960 356 1028 289 1041 634 932 814 956 990 969 258 847 264 872 257 866 268 919
00000640/00_24.jpg 640 24 303 614 1321 1205 507 932 420 1003 817 921 514 978 547 1055 487 1125 810 947 1009 936 1210 920 496 875 493 759 383 694 824 893 1030 860 1241 837 404 1007 418 985 398 985 409 928
00000640/00_25.jpg 640 25 371 499 1346 1237 558 860 470 817 855 851 556 932 576 1066 488 1157 855 902 1058 911 1266 923 559 790 574 686 508 579 855 802 1046 819 1244 830 451 836 463 883 453 807 472 813
00000640/00_26.jpg 640 26 275 827 1552 1167 570 990 477 1087 923 988 592 1002 649 1027 596 1069 923 989 1169 975 1435 953 543 969 509 916 355 939 922 987 1184 940 1472 907 464 1081 482 1032 451 1074 457 1011
00000640/00_27.jpg 640 27 259 597 1319 938 467 784 377 677 803 786 486 812 558 858 484 854 822 810 1035 826 1239 849 447 765 431 746 339 679 786 763 981 805 1172 831 356 690 366 756 350 684 356 741
00000640/00_28.jpg 640 28 333 771 1107 1172 615 970 579 1053 815 968 567 993 509 1037 413 1092 780 977 879 969 963 958 667 936 771 866 824 851 852 959 944 933 1027 919 552 1052 528 1014 571 1039 580 979
00000640/00_29.jpg 640 29 523 377 1409 1208 693 801 626 791 983 780 697 881 731 1020 667 1128 982 831 1160 827 1329 824 684 719 683 583 608 457 985 727 1151 727 1316 724 607 811 608 844 603 776 605 760
00000640/00_30.jpg 640 30 349 645 1178 1272 524 993 447 952 770 1004 536 938 580 827 519 725 782 973 940 979 1098 989 512 1052 505 1147 430 1192 758 1034 916 1052 1070 1065 433 943 446 946 429 967 440 1008
00000750/00_00.jpg 750 0 223 540 1369 1399 486 997 401 1032 831 1006 478 1071 426 1217 317 1319 821 1055 1057 1069 1266 1074 486 911 415 758 303 620 842 955 1077 954 1289 957 378 1047 383 1055 377 1008 388 960
00000750/00_01.jpg 750 1 196 631 981 1283 481 985 393 946 665 988 505 934 509 814 464 711 682 957 800 957 901 962 456 1041 374 1132 276 1203 649 1017 770 1025 873 1030 387 936 416 937 377 962 397 1002
00000750/00_02.jpg 750 2 104 723 905 1164 460 916 386 990 624 938 415 878 306 841 184 803 595 915 686 922 760 920 508 949 558 1010 578 1084 653 961 749 953 825 946 365 976 366 923 386 990 422 952
00000750/00_03.jpg 750 3 240 637 1155 1349 453 975 391 992 711 972 448 909 408 798 325 717 708 928 889 916 1059 904 452 1045 399 1164 320 1269 714 1015 900 1007 1075 996 375 977 376 947 374 1005 380 1017
00000750/00_04.jpg 750 4 224 594 944 1457 444 1012 327 1022 635 1005 444 934 392 791 304 674 636 959 751 949 851 941 444 1094 399 1240 320 1377 633 1050 760 1039 864 1028 316 1005 350 973 318 1040 361 1061
00000750/00_05.jpg 750 5 329 880 1366 1166 581 993 514 1077 865 996 575 973 535 971 460 966 852 982 1047 976 1229 960 581 1008 517 1039 409 1086 879 1011 1089 988 1286 966 497 1067 499 1018 495 1073 501 1027
00000750/00_06.jpg 750 6 188 527 942 1140 511 831 506 764 676 829 541 887 597 975 598 1060 695 862 791 867 862 877 471 779 372 692 268 607 657 797 742 813 811 828 499 780 491 834 479 757 448 782
00000750/00_07.jpg 750 7 258 775 1070 1428 558 1049 474 1107 748 1034 530 991 444 914 338 855 729 1000 841 984 938 966 587 1108 596 1223 568 1348 767 1070 889 1044 990 1022 456 1092 466 1045 468 1117 502 1102
00000750/00_08.jpg 750 8 296 427 1398 1016 545 712 470 628 866 713 543 772 497 858 376 936 871 752 1105 766 1318 788 540 661 474 580 390 507 861 675 1076 699 1276 723 448 645 451 708 447 624 455 659
00000750/00_09.jpg 750 9 366 756 1334 1432 592 1095 538 1083 854 1079 582 1035 536 918 446 836 850 1037 1049 1016 1247 998 595 1160 552 1268 489 1352 857 1119 1055 1111 1254 1100 521 1073 517 1059 522 1100 525 1128
00000750/00_10.jpg 750 10 214 776 1054 1067 548 940 506 856 734 947 585 961 642 968 639 977 761 960 879 970 974 987 505 926 401 901 294 870 709 935 818 958 910 978 500 863 512 912 481 860 469 905
00000750/00_11.jpg 750 11 192 422 1094 1172 450 796 412 737 712 813 453 868 438 988 353 1092 717 857 882 877 1014 898 436 727 363 610 272 502 707 769 857 796 984 820 392 755 382 808 386 724 372 737
00000750/00_12.jpg 750 12 156 962 1068 1466 431 1161 354 1237 675 1162 408 1119 336 1075 236 1042 655 1135 802 1128 929 1114 452 1203 434 1286 372 1386 695 1190 854 1170 988 1150 333 1223 336 1170 341 1240 361 1208
00000750/00_13.jpg 750 13 142 366 963 1109 515 781 519 834 698 826 459 834 354 950 222 1029 663 856 758 881 828 893 566 715 619 581 652 446 733 795 818 810 883 824 489 841 444 827 511 809 498 750
00000750/00_14.jpg 750 14 291 734 1430 1001 574 895 498 814 878 867 565 895 503 858 371 838 882 866 1119 850 1350 848 576 903 528 918 462 921 874 867 1094 871 1309 875 477 819 480 862 481 826 493 880
00000750/00_15.jpg 750 15 247 881 1339 1408 531 1098 468 1165 818 1108 533 1050 507 999 439 961 812 1075 1018 1071 1216 1058 522 1145 443 1233 327 1328 825 1143 1044 1129 1259 1114 453 1150 456 1099 448 1168 449 1141
00000750/00_16.jpg 750 16 183 746 1086 1039 463 923 397 846 694 923 484 917 493 867 434 826 713 919 870 923 1006 935 437 936 354 954 263 959 675 926 822 944 952 959 386 848 398 883 376 857 379 906
00000750/00_17.jpg 750 17 384 441 1033 1259 578 867 585 849 771 893 566 939 540 1072 464 1179 763 936 873 957 953 973 580 791 542 654 488 521 778 850 873 873 950 893 564 864 533 896 564 829 535 813
00000750/00_18.jpg 750 18 218 712 1107 1491 458 1101 367 1093 708 1093 459 1031 419 896 328 792 712 1049 877 1037 1025 1030 451 1176 389 1303 298 1411 705 1136 876 1130 1027 1122 352 1079 369 1059 351 1111 371 1139
00000750/00_19.jpg 750 19 51 543 870 929 415 769 353 687 578 792 461 755 526 688 539 623 608 784 709 800 790 821 365 790 251 816 131 825 549 799 648 827 730 849 351 685 378 718 330 697 329 750
00000750/00_20.jpg 750 20 318 934 1306 1285 571 1114 505 1199 851 1122 551 1126 492 1176 398 1205 830 1130 1010 1132 1166 1124 585 1090 548 1046 464 1014 873 1114 1062 1098 1226 1085 483 1196 480 1156 487 1185 496 1126
00000750/00_21.jpg 750 21 202 583 1090 1234 464 927 425 993 720 915 441 973 381 1078 282 1154 700 944 850 937 971 925 481 869 453 762 387 663 741 885 889 866 1010 853 400 1001 383 986 406 975 401 919
00000750/00_22.jpg 750 22 193 818 1169 1524 441 1114 362 1169 716 1103 427 1049 369 960 273 898 704 1061 883 1044 1044 1023 449 1182 403 1311 317 1444 728 1146 919 1121 1089 1097 343 1153 347 1104 346 1180 360 1169
00000750/00_23.jpg 750 23 120 621 1108 1114 349 912 280 842 631 915 349 881 310 783 200 701 639 895 842 897 1028 909 342 949 281 1003 205 1034 623 933 813 952 991 969 262 838 264 861 261 857 266 910
00000750/00_24.jpg 750 24 190 645 1321 1206 499 939 425 1011 800 923 503 977 478 1067 408 1126 795 949 1009 939 1209 920 487 888 399 799 270 725 807 894 1030 864 1241 838 409 1016 418 995 402 995 408 939
00000750/00_25.jpg 750 25 312 526 1345 1229 550 863 473 820 840 856 545 932 497 1051 392 1149 840 903 1059 912 1265 923 549 797 495 693 421 606 840 810 1047 819 1244 830 454 838 462 885 455 809 469 816
00000750/00_26.jpg 750 26 165 827 1552 1174 563 995 484 1094 904 987 580 1000 574 1045 514 1071 905 991 1169 979 1434 953 535 979 412 953 245 947 903 982 1184 945 1472 907 470 1089 484 1043 457 1082 458 1020
00000750/00_27.jpg 750 27 163 592 1319 929 459 781 383 672 789 789 472 812 456 829 347 847 806 809 1037 824 1239 849 438 760 347 725 243 684 772 770 983 802 1172 831 363 683 368 747 356 678 356 735
00000750/00_28.jpg 750 28 267 778 1107 1178 607 975 580 1060 803 968 559 993 463 1054 347 1098 770 978 878 972 963 958 653 947 696 896 712 858 838 957 943 936 1027 919 553 1061 526 1025 572 1048 575 989
00000750/00_29.jpg 750 29 431 413 1409 1210 686 807 632 797 968 785 686 881 660 1019 575 1130 968 834 1161 829 1329 824 676 730 606 603 511 493 969 736 1152 728 1316 724 613 817 610 851 608 782 605 767
00000750/00_30.jpg 750 30 275 642 1177 1256 518 987 450 945 759 1001 526 938 507 821 431 722 770 970 940 977 1097 989 504 1041 437 1121 355 1176 749 1031 916 1050 1070 1065 437 935 446 937 433 959 439 999
00000860/00_00.jpg 860 0 292 798 1369 1221 527 1003 397 1036 853 1009 519 1098 685 1129 840 1141 838 1059 1061 1070 1267 1074 534 903 720 878 877 903 868 956 1078 956 1289 958 373 1050 386 1058 372 1012 389 961
00000860/00_01.jpg 860 1 292 818 981 1142 500 981 387 943 675 986 523 914 630 901 686 898 693 956 802 956 901 962 475 1045 571 1062 631 1042 657 1016 771 1024 873 1029 382 934 416 934 372 959 395 1000
00000860/00_02.jpg 860 2 281 814 904 1081 478 928 381 997 631 940 423 897 494 894 554 931 601 915 687 922 761 920 537 964 642 973 687 1001 661 967 749 952 824 947 361 980 366 927 381 994 421 960
00000860/00_03.jpg 860 3 291 795 1154 1151 483 977 388 993 726 971 478 902 605 875 708 887 722 925 892 916 1059 904 487 1055 625 1071 726 1065 731 1017 901 1005 1074 996 372 978 379 947 371 1005 381 1020
00000860/00_04.jpg 860 4 230 815 943 1195 461 1011 319 1022 643 1003 452 922 554 895 607 908 645 956 753 948 851 941 466 1103 577 1115 628 1100 641 1051 761 1038 863 1027 310 1005 349 972 311 1040 357 1063
00000860/00_05.jpg 860 5 411 880 1365 1165 614 1004 511 1085 882 998 606 993 736 984 851 1015 866 981 1051 976 1229 960 621 1020 783 1014 910 1046 899 1017 1090 987 1285 966 493 1072 502 1023 491 1079 502 1035
00000860/00_06.jpg 860 6 371 672 943 977 537 823 508 757 686 828 582 879 678 897 755 868 704 863 794 867 863 877 495 767 569 764 651 752 669 793 743 814 812 828 499 776 496 831 480 753 451 775
00000860/00_07.jpg 860 7 371 886 1070 1200 578 1053 468 1112 757 1034 541 995 628 968 694 988 737 997 843 983 938 966 616 1118 733 1116 789 1118 777 1072 890 1043 990 1022 451 1095 466 1047 463 1120 501 1108
00000860/00_08.jpg 860 8 363 539 1399 868 583 703 466 620 886 711 585 760 755 788 908 752 889 755 1110 766 1319 787 580 646 737 643 873 620 883 669 1078 701 1276 723 444 640 455 703 443 619 457 651
00000860/00_09.jpg 860 9 438 896 1334 1259 622 1091 536 1082 870 1076 613 1017 741 983 854 976 865 1033 1053 1015 1247 998 629 1166 765 1179 871 1158 875 1118 1057 1110 1254 1099 518 1071 520 1058 520 1098 527 1128
00000860/00_10.jpg 860 10 390 768 1054 1066 573 931 505 848 745 946 622 942 736 957 812 930 772 961 882 970 974 986 527 918 612 929 691 909 720 931 819 959 910 977 499 858 515 907 480 855 470 898
00000860/00_11.jpg 860 11 296 634 1095 985 487 792 411 732 728 813 499 869 638 905 764 887 730 861 885 878 1015 897 474 716 602 716 720 714 725 767 858 797 984 820 390 752 387 806 384 721 376 731
00000860/00_12.jpg 860 12 249 1035 1067 1325 459 1170 349 1244 687 1164 430 1132 541 1116 633 1145 665 1134 805 1128 930 1115 490 1216 636 1217 726 1237 710 1195 854 1168 987 1151 329 1228 338 1175 336 1245 362 1215
00000860/00_13.jpg 860 13 369 639 963 1009 545 795 522 841 708 830 489 867 564 900 660 929 669 860 760 882 829 893 606 719 710 724 791 773 748 800 817 811 883 825 489 845 449 832 511 814 506 754
00000860/00_14.jpg 860 14 394 723 1431 973 608 881 494 806 897 862 600 864 761 852 901 803 900 865 1124 849 1351 847 613 893 763 892 882 850 894 860 1096 872 1309 874 474 814 483 856 477 821 494 873
00000860/00_15.jpg 860 15 365 967 1339 1279 564 1107 466 1171 836 1110 566 1063 701 1047 817 1080 827 1073 1022 1071 1217 1059 560 1160 718 1172 845 1199 845 1149 1046 1128 1259 1114 450 1153 459 1103 445 1172 450 1148
00000860/00_16.jpg 860 16 292 759 1086 1039 490 914 393 839 707 920 517 892 652 893 746 867 727 919 873 922 1006 934 464 931 574 943 663 916 688 922 824 944 952 959 382 843 401 879 372 851 379 900
00000860/00_17.jpg 860 17 459 704 1034 1069 610 869 588 847 783 895 607 953 701 989 802 988 772 940 875 957 954 973 614 784 710 785 805 803 793 851 873 874 950 893 565 864 539 897 565 829 541 810
00000860/00_18.jpg 860 18 266 907 1107 1278 485 1098 362 1092 721 1091 484 1015 615 987 704 991 725 1046 880 1037 1026 1030 483 1183 618 1198 705 1179 718 1135 877 1129 1027 1122 348 1078 370 1058 346 1109 370 1140
00000860/00_19.jpg 860 19 247 599 870 929 434 763 349 679 587 791 488 734 591 745 644 733 618 785 711 800 790 821 381 788 459 813 522 795 557 796 650 827 730 849 348 680 379 713 327 691 328 744
00000860/00_20.jpg 860 20 399 1004 1306 1287 605 1125 501 1207 868 1125 583 1152 709 1157 827 1188 843 1131 1013 1133 1167 1124 628 1097 791 1084 916 1122 894 1120 1062 1098 1226 1086 479 1201 483 1162 483 1192 498 1133
00000860/00_21.jpg 860 21 308 757 1090 1091 500 933 424 999 735 917 477 997 594 1002 710 1011 711 945 853 938 972 925 524 865 668 837 784 860 760 887 889 867 1010 854 398 1006 388 990 404 980 406 923
00000860/00_22.jpg 860 22 259 942 1169 1283 472 1119 358 1173 731 1103 456 1052 585 1022 690 1043 717 1058 885 1043 1044 1024 488 1194 645 1200 751 1203 745 1149 920 1120 1089 1097 339 1155 350 1107 341 1183 361 1175
00000860/00_23.jpg 860 23 177 744 1108 1048 382 904 277 835 648 912 385 854 538 845 659 824 655 894 845 897 1028 909 378 948 516 967 625 939 640 929 815 952 990 968 259 833 268 857 257 852 268 905
00000860/00_24.jpg 860 24 318 758 1321 1101 534 945 421 1018 820 924 538 1001 681 1006 811 1021 810 950 1013 940 1210 921 526 885 690 850 832 873 830 897 1031 864 1241 838 405 1021 421 999 398 1000 409 943
00000860/00_25.jpg 860 25 370 671 1346 1041 582 857 468 816 858 856 578 933 727 961 863 938 856 906 1063 912 1266 923 585 782 731 765 856 751 861 806 1049 821 1244 830 450 836 464 883 450 807 470 811
00000860/00_26.jpg 860 26 373 828 1552 1183 600 1006 480 1103 927 989 620 1028 783 1023 927 1056 925 990 1174 979 1435 953 575 985 757 961 922 999 930 988 1186 944 1472 908 466 1095 487 1048 453 1089 459 1028
00000860/00_27.jpg 860 27 272 582 1319 929 500 770 380 662 809 787 521 788 706 808 856 769 825 811 1042 824 1239 849 479 749 637 760 771 732 794 764 985 803 1172 831 359 676 373 741 352 671 358 726
00000860/00_28.jpg 860 28 450 840 1107 1149 635 984 579 1069 814 970 584 1017 665 1014 756 1033 777 979 880 972 963 958 692 950 810 930 891 958 852 961 943 935 1027 920 551 1066 530 1030 570 1055 580 995
00000860/00_29.jpg 860 29 525 596 1409 988 722 803 630 797 987 784 727 890 870 908 1005 888 983 836 1165 829 1329 824 715 714 859 683 990 676 991 732 1153 730 1316 725 610 817 614 850 605 782 607 764
00000860/00_30.jpg 860 30 349 827 1178 1151 546 984 447 941 773 1000 556 919 687 909 782 907 783 969 943 976 1098 989 533 1045 654 1071 745 1055 763 1030 917 1049 1069 1064 434 932 449 935 429 956 440 997
00000970/00_00.jpg 970 0 266 790 1369 1219 527 1000 370 1051 853 1005 523 1096 684 1124 837 1139 839 1054 1062 1068 1268 1075 532 898 718 870 875 897 869 953 1078 953 1289 957 361 1065 409 1061 346 1030 374 972
00000970/00_01.jpg 970 1 289 819 981 1148 499 982 381 933 674 989 523 915 629 904 688 899 692 959 801 957 901 961 472 1047 570 1068 630 1046 657 1018 771 1026 873 1029 387 925 438 934 369 948 392 994
00000970/00_02.jpg 970 2 267 814 904 1080 480 930 359 977 633 941 425 901 496 894 555 926 604 916 687 923 761 921 538 967 646 973 690 1000 663 967 750 953 824 947 347 955 379 914 356 968 407 948
00000970/00_03.jpg 970 3 272 798 1154 1157 483 979 370 976 727 974 481 905 604 878 708 885 723 928 892 917 1059 905 485 1059 624 1077 726 1069 731 1019 901 1007 1074 996 363 957 396 938 352 984 370 1009
00000970/00_04.jpg 970 4 224 819 943 1201 460 1015 309 1003 644 1006 452 925 555 899 611 906 646 959 752 950 851 941 464 1108 579 1121 629 1104 642 1053 761 1040 863 1028 313 981 373 963 304 1015 351 1051
00000970/00_05.jpg 970 5 392 881 1366 1150 614 1005 491 1070 884 998 609 996 735 983 850 1010 868 981 1051 977 1230 961 619 1022 782 1012 910 1044 901 1017 1091 987 1286 966 484 1051 520 1010 472 1058 490 1026
00000970/00_06.jpg 970 6 365 671 943 976 536 821 497 779 684 826 584 875 674 896 752 873 702 862 793 866 863 876 492 763 564 762 647 751 667 791 742 814 811 828 494 804 507 846 469 782 445 788
00000970/00_07.jpg 970 7 362 887 1070 1203 579 1056 450 1093 759 1036 543 999 630 970 695 984 739 999 843 985 938 967 616 1123 736 1119 792 1120 778 1074 891 1044 990 1022 442 1070 482 1033 444 1094 489 1096
00000970/00_08.jpg 970 8 339 539 1400 867 583 700 441 643 886 710 588 755 753 786 906 758 889 753 1110 765 1320 787 578 642 735 641 870 619 883 668 1077 700 1276 723 432 671 476 721 419 650 443 665
00000970/00_09.jpg 970 9 419 896 1334 1266 622 1094 516 1071 871 1079 616 1019 741 987 853 976 865 1037 1053 1016 1248 998 628 1169 764 1186 871 1163 876 1120 1057 1111 1254 1100 507 1058 535 1052 499 1084 515 1120
00000970/00_10.jpg 970 10 386 780 1054 1066 571 930 497 860 744 946 622 940 732 957 811 935 770 961 881 969 974 986 523 916 607 930 688 911 719 931 818 959 910 977 500 877 532 922 474 872 466 905
00000970/00_11.jpg 970 11 279 631 1096 982 486 789 387 754 727 811 502 865 636 902 760 890 729 858 885 876 1016 897 472 711 599 712 717 712 725 765 857 796 984 820 376 782 403 822 359 751 363 744
00000970/00_12.jpg 970 12 233 1035 1067 1317 460 1172 327 1225 689 1165 433 1136 542 1117 633 1141 668 1134 805 1129 930 1115 489 1220 638 1218 728 1237 712 1196 855 1169 987 1151 317 1202 356 1159 313 1219 348 1203
00000970/00_13.jpg 970 13 370 636 963 1006 548 793 485 844 710 828 495 867 565 897 656 926 671 856 761 881 829 894 609 716 711 717 792 767 749 798 818 809 883 824 456 848 450 832 467 818 483 758
00000970/00_14.jpg 970 14 373 730 1431 976 608 880 471 816 897 863 603 862 760 854 900 810 900 866 1124 849 1351 846 611 892 761 896 881 853 894 861 1095 872 1309 875 462 829 502 867 453 835 481 878
00000970/00_15.jpg 970 15 347 968 1339 1279 564 1110 448 1151 837 1112 569 1067 700 1048 816 1075 828 1075 1022 1072 1217 1059 558 1165 716 1174 845 1199 846 1150 1046 1129 1259 1114 442 1128 477 1089 427 1145 439 1136
00000970/00_16.jpg 970 16 281 764 1087 1039 489 914 381 844 706 922 519 891 650 895 746 872 726 920 873 922 1007 934 461 930 571 946 661 919 687 923 823 945 952 959 380 853 421 889 361 860 372 904
00000970/00_17.jpg 970 17 446 699 1035 1069 610 866 562 866 782 892 611 951 700 985 797 989 772 936 876 956 955 973 614 779 707 779 802 799 793 849 873 872 950 893 544 887 545 908 535 852 526 822
00000970/00_18.jpg 970 18 251 910 1107 1285 484 1101 346 1077 722 1094 486 1017 614 991 705 990 725 1049 879 1038 1026 1030 480 1187 618 1205 705 1184 719 1138 877 1131 1027 1122 344 1060 392 1051 331 1090 360 1130
00000970/00_19.jpg 970 19 248 601 870 929 432 764 348 681 585 792 487 733 588 748 645 737 616 787 710 800 790 820 377 788 455 816 519 798 556 797 648 828 730 849 357 686 400 725 329 695 328 745
00000970/00_20.jpg 970 20 377 999 1307 1279 606 1125 476 1199 869 1124 587 1154 709 1155 825 1183 845 1129 1014 1133 1167 1125 627 1097 791 1079 917 1118 896 1119 1063 1097 1227 1086 465 1189 500 1151 457 1181 483 1130
00000970/00_21.jpg 970 21 292 750 1090 1089 501 931 395 1005 736 914 482 996 593 999 707 1008 712 942 854 937 972 925 524 862 667 830 784 855 761 884 889 865 1010 853 378 1009 401 985 372 987 388 928
00000970/00_22.jpg 970 22 240 944 1169 1286 473 1122 337 1153 732 1105 458 1055 585 1024 690 1039 718 1060 886 1045 1044 1024 487 1200 646 1204 752 1206 747 1151 921 1121 1089 1098 329 1129 369 1092 320 1155 347 1162
00000970/00_23.jpg 970 23 156 749 1108 1052 382 905 256 834 647 914 388 853 536 849 659 829 655 897 845 897 1028 909 376 948 514 972 624 944 640 931 815 953 990 968 248 836 287 864 236 852 256 904
00000970/00_24.jpg 970 24 301 758 1321 1101 533 944 403 1021 820 921 541 1002 680 1003 809 1017 811 947 1014 939 1210 921 524 883 688 843 831 868 830 894 1032 863 1241 838 399 1020 442 993 381 1002 399 947
00000970/00_25.jpg 970 25 350 669 1346 1038 582 855 448 839 859 853 581 930 725 958 861 941 856 903 1063 911 1266 923 583 778 729 761 854 749 861 804 1048 819 1244 830 441 864 484 896 430 837 458 825
00000970/00_26.jpg 970 26 360 827 1552 1173 599 1006 465 1093 927 988 622 1030 781 1021 925 1049 925 988 1175 980 1436 954 572 986 753 956 920 994 930 987 1186 943 1472 907 464 1079 510 1035 440 1075 450 1023
00000970/00_27.jpg 970 27 249 599 1320 928 499 768 356 679 808 787 524 784 703 808 854 776 824 811 1041 823 1240 848 476 746 633 762 768 734 793 764 984 803 1172 831 349 702 397 760 329 695 345 736
00000970/00_28.jpg 970 28 446 840 1107 1145 637 983 548 1065 816 968 588 1018 666 1012 753 1029 780 977 881 972 964 959 694 950 812 925 893 954 854 959 944 935 1027 920 526 1057 537 1019 534 1048 560 994
00000970/00_29.jpg 970 29 503 592 1410 984 721 800 607 819 986 781 730 887 868 904 1002 889 982 832 1165 828 1330 824 713 709 856 678 988 672 991 729 1153 728 1316 724 598 842 632 858 583 811 595 778
00000970/00_30.jpg 970 30 335 829 1178 1157 545 986 432 932 773 1003 558 920 685 912 783 909 783 972 943 977 1098 988 531 1048 652 1077 744 1060 763 1032 917 1051 1069 1065 429 924 467 936 415 946 431 991
