NumCams 1
NumFrames 30
NumP 30
00 0
1127.6829974 137.494343295 -1505.01571036 305619.079656
401.780894509 1670.73440599 104.741288902 364398.609634
0.9885231734 0.08818064529 0.1226625834 284.0106483
00 1
-634.622000277 643.299417075 1429.49206798 349777.453611
457.012921276 1429.24215458 -66.4578840438 349679.837511
-0.7677145993 0.6396743379 0.03782902881 361.8137386
00 2
-1331.28415669 818.146152872 -627.39700949 335299.393308
39.7935516542 1291.09564164 765.168801057 298657.677832
0.06696524745 0.7902738066 -0.6090837104 382.4086979
00 3
-1599.96832795 72.7877588121 535.554589271 251463.747627
-339.842686472 1449.30390668 -209.066476226 327418.174778
-0.7896884697 0.1183309992 -0.6019882851 290.4932634
00 4
-1379.44547772 696.644770218 1084.5190775 346816.144227
723.458661626 1499.46522035 456.067277064 347712.627441
-0.5659664568 0.7549044712 -0.3313626552 379.6060578
00 5
-985.198089967 14.2492095985 -1361.27048021 254932.043722
164.577073454 1410.04886321 -488.804959511 358543.769215
0.3471457038 0.03181296593 -0.9372714631 283.119947
00 6
1557.10928517 647.074959399 102.604040164 345969.013376
-172.666796955 1327.02604599 -670.394003784 325924.082174
0.2577605325 0.752665561 0.6058498668 375.5705475
00 7
-1586.91368659 538.166916712 -200.392393381 332233.487749
102.623212059 1430.42470951 428.372303636 353044.152503
-0.295289813 0.6222716709 -0.724970271 361.5141052
00 8
1850.18809612 83.8478934294 403.851039348 242044.287413
112.817259805 1668.24279107 453.014162974 382193.880875
0.3007448344 0.05807783494 0.9519346142 280.6334927
00 9
-1322.61170074 -214.531812169 1026.20156958 253835.308571
-683.202631865 1325.35210476 -104.136916823 345341.640813
-0.9435335972 -0.102770981 -0.3149324949 259.9029028
00 10
1089.70390794 656.041036254 1105.4482807 370209.824925
59.7147443042 1436.2369195 -429.763642653 360723.042191
-0.2563883104 0.6233537337 0.7387118227 357.6721805
00 11
1685.96764291 470.937680363 -201.575791451 312534.978454
-148.565380405 1578.03689544 -91.9123725226 338085.041368
0.5193684663 0.4383810188 0.733538328 330.2257948
00 12
-1309.83753245 496.585139054 -958.359579429 357688.603537
54.6191448438 1495.08431016 132.44428312 324080.982398
0.08399697599 0.4524139231 -0.8878435393 337.0042749
00 13
69.1289820051 869.021336582 -1628.65914128 336494.451375
-862.896276973 1393.72686517 383.260488354 306958.676776
0.5864793909 0.8003261793 -0.1245790145 381.7355695
00 14
852.244371189 -191.070791529 1681.78111626 240540.572023
-281.792186579 1591.50826484 638.00756894 381267.11463
-0.5545413542 -0.07529921627 0.8287423692 265.2597889
00 15
-1464.15872325 -44.8034819357 -894.282112376 268675.24715
-14.3514961267 1391.81032772 -642.5209215 344481.713897
-0.03720237376 -0.05732234498 -0.9976623337 270.4302205
00 16
558.460570474 388.885949183 1573.77579532 320459.862398
35.9484714277 1523.39802708 -59.2463557858 349093.755379
-0.5793090579 0.4002219547 0.7100868978 327.740485
00 17
1253.22372116 733.340799249 -818.340451979 360170.4567
-496.862322843 1409.44381659 -127.393691704 338700.961457
0.6225831309 0.6573730154 0.4245597292 361.263403
00 18
-1400.5315854 376.692652598 1081.61022507 332011.861757
96.9727138584 1631.35157405 42.2874355446 362797.385961
-0.8442983261 0.3992123451 -0.3574770482 329.2065567
00 19
635.807057955 745.575774917 1375.91401953 323906.717485
469.742729508 1316.12083769 -546.774297967 316126.631372
-0.4293187243 0.7710480791 0.4702874575 377.6512638
00 21
405.513927271 358.900686394 -1589.98701476 303764.393807
-153.052701094 1494.90371359 -31.9365541685 323585.930261
0.8480083597 0.458041841 -0.2666073778 334.6517281
00 22
-1750.92975144 223.151664933 -272.322131366 304367.609719
-85.7340394925 1606.59075933 -83.1027409328 345911.055029
-0.3669255742 0.2837617762 -0.8859147122 314.7604202
00 23
47.9416478891 186.895921181 1823.48234622 279667.055197
-246.506173315 1641.72638829 127.915666679 326297.511824
-0.8353629444 0.1752915344 0.5210006037 295.7737608
00 24
315.077948108 -131.233953951 -1660.21211044 239000.963978
531.325557184 1363.9552804 -320.922156207 331333.805683
0.9160046414 -0.05071882065 -0.3979486125 268.0008991
00 25
1675.35282328 -68.6602425968 -136.897219857 254408.704533
409.511812653 1349.8053216 519.983573446 339621.69638
0.6186747556 -0.07500867617 0.7820583388 260.4900727
00 26
-626.705001301 -322.168403127 -1738.94702236 215488.962561
569.027570329 1411.72490506 -769.29284029 363536.610834
0.6348454308 -0.2602883764 -0.7274759378 243.4171826
00 27
1655.13340923 281.024745078 1234.43305479 286055.303202
-54.0004177127 1935.70933961 50.8139471911 401099.620796
-0.1851980697 0.2552553959 0.9489712102 308.7807883
00 28
-349.61490332 571.299720078 -1552.09735215 336157.683373
-383.804585777 1426.57466723 267.326845598 346497.154686
0.5745991553 0.6425782552 -0.5068816396 363.2267619
00 29
1488.2521421 25.8080435753 -792.942048011 247053.596824
382.214818948 1458.30403744 86.312199754 387485.788189
0.8757967594 0.1356956581 0.4632134763 289.3073174
00 30
-777.237221211 296.820628607 1479.16569307 304660.007967
-245.866016199 1490.68017434 -67.9126144978 357224.600816
-0.9714806524 0.2209438397 0.08607648794 304.4530987
